10.0,
10.3,
10.6,
10.9,
11.3,
11.6,
11.9,
12.3,
12.7,
13.0,
13.4,
13.8,
14.3,
14.7,
15.1,
15.6,
16.0,
16.5,
17.0,
17.5,
18.1,
18.6,
19.2,
19.7,
20.3,
20.9,
21.6,
22.2,
22.9,
23.6,
24.3,
25.0,
25.8,
26.5,
27.3,
28.1,
29.0,
29.9,
30.7,
31.7,
32.6,
33.6,
34.6,
35.6,
36.7,
37.8,
39.0,
40.1,
41.3,
42.6,
43.8,
45.2,
46.5,
47.9,
49.3,
50.8,
52.3,
53.9,
55.5,
57.2,
58.9,
60.7,
62.5,
64.4,
66.3,
68.3,
70.3,
72.5,
74.6,
76.9,
79.2,
81.6,
84.0,
86.5,
89.1,
91.8,
94.5,
97.4,
100.3,
103.3,
106.4,
109.6,
112.9,
116.3,
119.8,
123.4,
127.1,
130.9,
134.8,
138.8,
143.0,
147.3,
151.7,
156.3,
161.0,
165.8,
170.8,
175.9,
181.2,
186.6,
